102 -7034.198332389781 18838.682681110782 1570.51
401 -6739.074933662812 18727.65427030127 1565.11
202 -6930.200227328785 18836.99364205785 1567.89
403 -6750.130668748604 18941.092657456 1564.9
304 -6835.022657877048 19035.800778870736 1567.33
402 -6744.017068893905 18824.827576044852 1564.83
301 -6838.203827484245 18730.47562989753 1569.93
203 -6944.870207005594 18930.479357509674 1568.14
204 -6934.274703806678 19036.302383550978 1568.32
103 -7031.64534226496 18938.034856490995 1569.44
201 -6935.5469287216265 18734.6437213943 1572.11
303 -6837.871643509682 18936.842138813387 1566.22
104 -7033.6974823199425 19038.61611334902 1569.5
302 -6843.604080676139 18839.956249843264 1566.67
