5401 -8014.09711623173 18093.261109609408 194.81174390763226
5402 -7604.257342369587 17992.63507666465 187.90804905703408
5403 -7198.211213809202 17966.280280891406 179.23290535990236
5405 -6411.189369433891 18252.691471002927 168.53598973497355
5406 -6110.297755501798 18529.49989772894 160.2807310041353
5407 -5884.359329395217 18886.76665612183 162.90238792838318
5501 -8264.570168753751 17788.782503298713 196.7911685652034
5502 -7880.005530004468 17626.93082847135 187.94750277041203
5503 -7469.18245488971 17555.99554327725 184.01714293597615
5505 -6624.937125634834 17631.00408813833 166.3309551944385
5508 -5630.802845438859 18438.05974975911 155.2069742497515
5509 -5471.83841739621 18786.31824463462 158.00639613096791
5601 -8528.023845584612 17454.98985545317 210.02942479321064
5602 -8146.762536011432 17328.95390271656 205.0714888457387
5603 -7810.480077370663 17188.496084947074 193.33241701282532
5604 -7334.418203495831 17128.89122823834 179.96739927902854
5605 -6863.134144161001 17235.1020959864 168.93423215959956
5606 -6515.319234844854 17277.255142712962 159.87406814326096
5607 -6133.6511493815615 17437.890335210843 153.59367853595177
5608 -5775.115678369145 17685.205868049397 156.105258465539
5609 -5484.5331023789595 17970.674210843816 155.52146844051276
5610 -5232.058756368361 18323.58784666832 146.4366430724658
5611 -5057.120565342495 18694.661956496126 146.23806254543524
5701 -8747.209461422475 17191.99675284555 228.71919040031207
5702 -8383.429735039548 16937.65456359712 217.2290231247107
5703 -8005.214964387042 16799.136719603637 212.57136270589308
5704 -7589.729425345283 16720.64247369888 200.50520110800062
5705 -7193.637577340398 16708.74346103052 182.78468644919667
5706 -6737.036814947495 16711.09131891558 175.61633194759088
5707 -6361.978619390815 16872.4806944515 164.68488596019506
5708 -5975.273417402912 16996.590002798348 156.0479355123116
5709 -5617.506802589328 17268.588207194673 146.070110529492
5710 -5319.590191316165 17530.83140971249 146.55799182438204
5711 -5040.947620900457 17855.120275820856 142.37216008672476
5712 -4814.200083367601 18208.57397685027 139.17535655705979
5713 -4644.261554499856 18601.707705726854 136.12393947262535
5802 -8711.35906867729 16355.734913936423 243.35283960408105
5804 -7378.338113579365 16018.08969547238 210.67034248595155
5805 -6683.101592921777 16108.293617397738 180.90764611040504
5806 -6150.502096094147 16283.247532590196 166.43723213138128
5807 -5579.984240077556 16544.77427096736 154.28632107237536
5808 -5080.3837324510305 16859.10648860646 142.08800520568184
5809 -4633.0211326250455 17354.4885280165 131.7761764601255
5810 -4282.866917426634 17876.38247119123 131.67562673400062
5904 -7539.191812995694 15611.232974817165 221.37382515049103
5905 -7029.074066228809 15336.295369044177 193.43400132946772
5906 -6556.18795078971 15502.744837890265 171.22335865725472
5907 -5943.757074333356 15688.872053993959 167.9062908617716
5908 -5368.391303840306 15946.133914716986 147.51608702804333
5909 -4838.370122809889 16286.001399364186 134.73860125961346
5910 -4367.049358525286 16705.141870736425 129.48151677506212
5911 -3969.787421948783 17187.239287827564 121.66669268802616
5912 -3649.2421173115454 17728.145094385018 120.82371391482775
5913 -3415.7349563068333 18310.240514293444 115.59430291074932
6008 -5416.554638880443 15237.972572572238 148.56082315194817
6010 -4363.364185412437 15857.487464763366 131.63309636138
6011 -3887.008584743961 16294.6542127087 120.64610129613357
6012 -3498.802794957496 16767.25548986679 115.76261672131113
6013 -3165.289854296782 17298.354324339565 111.01480117654319
6014 -2901.0814519354776 17874.591925198958 106.26749557624134
6109 -5222.000841279729 14626.23430318556 138.5384383704295
6110 -4661.9700834961495 14899.45519882784 134.88773020531607
6111 -4134.666058937824 15239.975102336115 128.79424828605534
6112 -3649.2606595630414 15646.311229517249 120.53370490341695
6113 -3221.65197535052 16098.885513488927 114.75462464168686
6114 -2846.976697163508 16604.056391210837 105.24430510505499
6116 -2284.9149279977873 17727.641653281622 94.10868068101081
0828 -5009.489472378577 13844.313542862776 131.26800560790525
1029 -3093.7951341384573 14991.66265140506 115.57301206447573
1131 -1534.0347713690414 17396.94961936751 79.74585355062482
5404 -6825.492226152234 17977.77408250836 173.90951178850082
5506 -6268.619151472501 17846.245780684712 167.85046510454413
5507 -5938.709810525299 18101.399225142326 165.444886183559
5811 -4030.8811932842705 18456.536242514456 125.91313341395107
6115 -2531.792867453175 17153.21339277362 104.3301985595881
5504 -7051.410234929773 17568.201651665804 176.808213665925
5803 -8008.513324458617 16153.31536479539 215.4295854700058
5903 -8629.128465469756 15621.037792742105 259.9506559108331
6009 -4879.763840212113 15501.987964133119 139.20560791561093
0928 -3997.99260 13760.16161 116.823623
