0827 -4552.351568512622 12609.328848001946 125.84743366319617
1027 -2774.1654299019724 12582.820942341332 92.0395166830358
1127 -1571.085037492104 12607.711979137575 73.63937124417134
1229 -423.1167437769371 15030.229171128658 61.21701213048527
0925 -3923.13213982908 10158.743303485084 90.63939196475167
0926 -3948.391271951526 11359.240519012239 116.5938569501468
0927 -4006.370129069806 12549.733050783645 122.32099390773692
1026 -2748.193717970177 11384.217923765433 90.17823349651098
1227 -373.6426126081469 12635.197667522512 56.39707892723436
1228 -415.7891806286042 13831.209647192552 62.90695414547372
1230 -450.1024918859436 16235.444094751 68.22397769431791
1231 -708.3126017582126 17331.53448787925 71.30926617518526
1328 734.8978150300984 13882.30899748174 59.76691948425923
1329 776.1222955118009 15060.543160462812 59.08218919138017
1330 750.1709463305368 16260.965049238055 51.13055891353724
1429 1975.7112066415075 15086.291481467479 56.76281097026549
1430 1950.4306666646098 16286.675936764514 35.81104269743173
1529 3176.1564495073467 15111.130988232831 61.21982027985814
1530 3150.678669177263 16311.46885945908 23.268275974843164
1130 -1648.787757471712 16207.511575500721 83.17832348042157
